completely: 4.37734368677
entirely: 4.37734368677
surely: 4.37734368677
totally: 4.37734368677
definitely: 3.94228680182
emphatically: 3.94228680182
decidedly: 3.94228680182
unquestionably: 3.94228680182
wholly: 3.94228680182
utterly: 2.93893332451
perfectly: 2.35001814623
distinctly: 1.68236118311
positively: 0.91160778397
absolutely: 0.91160778397
clearly: 0.91160778397
potentially: -0.91160778397
quite: -0.91160778397
rarely: -0.91160778397
relatively: -1.68236118311
presumably: -1.68236118311
generally: -1.68236118311
essentially: -2.35001814623
slightly: -2.35001814623
mostly: -2.35001814623
partially: -2.35001814623
likely: -3.4657359028
probably: -3.4657359028
usually: -3.4657359028
possibly: -3.4657359028
normally: -3.4657359028
occasionally: -4.37734368677
apparently: -4.37734368677
evidently: -4.37734368677
virtually: -4.77755722514
almost: -4.77755722514
somewhat: -4.77755722514
approximately: -5.14809708591
about: -5.14809708591